-9.827228862635097
-9.77759639363189
-9.727963924628682
-9.678331455625475
-9.628698986622267
-9.57906651761906
-9.529434048615853
-9.479801579612644
-9.430169110609437
-9.380536641606229
-9.330904172603022
-9.281271703599815
-9.231639234596608
-9.1820067655934
-9.132374296590193
-9.082741827586984
-9.033109358583777
-8.983476889580569
-8.933844420577362
-8.884211951574153
-8.834579482570946
-8.78494701356774
-8.735314544564531
-8.685682075561324
-8.636049606558116
-8.586417137554909
-8.5367846685517
-8.487152199548493
-8.437519730545286
-8.387887261542078
-8.338254792538871
-8.288622323535662
-8.238989854532456
-8.189357385529247
-8.13972491652604
-8.090092447522833
-8.040459978519626
-7.990827509516419
-7.941195040513211
-7.891562571510003
-7.841930102506796
-7.792297633503588
-7.74266516450038
-7.693032695497172
-7.643400226493965
-7.593767757490758
-7.54413528848755
-7.494502819484342
-7.444870350481135
-7.395237881477927
-7.345605412474719
-7.2959729434715115
-7.246340474468305
-7.196708005465097
-7.147075536461889
-7.0974430674586815
-7.047810598455474
-6.998178129452266
-6.948545660449058
-6.898913191445851
-6.849280722442644
-6.799648253439437
-6.750015784436229
-6.7003833154330215
-6.650750846429814
-6.601118377426606
-6.551485908423399
-6.5018534394201914
-6.452220970416984
-6.402588501413776
-6.352956032410568
-6.3033235634073606
-6.253691094404153
-6.204058625400945
-6.154426156397738
-6.1047936873945305
-6.055161218391323
-6.005528749388115
-5.955896280384907
-5.9062638113817
-5.856631342378492
-5.806998873375285
-5.757366404372077
-5.70773393536887
-5.658101466365662
-5.608468997362454
-5.558836528359247
-5.5092040593560405
-5.459571590352833
-5.409939121349625
-5.360306652346417
-5.31067418334321
-5.261041714340002
-5.211409245336794
-5.1617767763335864
-5.11214430733038
-5.062511838327172
-5.012879369323964
-4.963246900320756
-4.913614431317549
-4.863981962314341
-4.814349493311133
-4.764717024307926
-4.715084555304719
-4.665452086301511
-4.615819617298304
-4.566187148295096
-4.516554679291889
-4.466922210288681
-4.417289741285473
-4.3676572722822655
-4.318024803279058
-4.26839233427585
-4.218759865272643
-4.1691273962694355
-4.119494927266228
-4.06986245826302
-4.020229989259813
-3.9705975202566055
-3.920965051253398
-3.87133258225019
-3.8217001132469823
-3.772067644243775
-3.7224351752405673
-3.6728027062373596
-3.6231702372341523
-3.5735377682309446
-3.523905299227737
-3.474272830224529
-3.424640361221322
-3.3750078922181146
-3.325375423214907
-3.2757429542116996
-3.226110485208492
-3.176478016205284
-3.1268455472020764
-3.077213078198869
-3.0275806091956614
-2.9779481401924537
-2.928315671189246
-2.8786832021860387
-2.829050733182831
-2.7794182641796237
-2.7297857951764164
-2.6801533261732087
-2.630520857170001
-2.5808883881667932
-2.531255919163586
-2.481623450160378
-2.4319909811571705
-2.382358512153963
-2.3327260431507555
-2.283093574147548
-2.2334611051443405
-2.1838286361411328
-2.134196167137925
-2.0845636981347178
-2.03493122913151
-1.9852987601283028
-1.935666291125095
-1.8860338221218875
-1.8364013531186798
-1.7867688841154723
-1.7371364151122646
-1.6875039461090573
-1.6378714771058498
-1.588239008102642
-1.5386065390994346
-1.4889740700962268
-1.4393416010930193
-1.3897091320898118
-1.3400766630866043
-1.2904441940833966
-1.240811725080189
-1.1911792560769816
-1.141546787073774
-1.0919143180705664
-1.0422818490673589
-0.9926493800641514
-0.9430169110609438
-0.8933844420577362
-0.8437519730545286
-0.794119504051321
-0.7444870350481134
-0.6948545660449059
-0.6452220970416983
-0.5955896280384908
-0.5459571590352832
-0.4963246900320757
-0.4466922210288681
-0.3970597520256605
-0.34742728302245296
-0.2977948140192454
-0.24816234501603784
-0.19852987601283026
-0.1488974070096227
-0.09926493800641513
-0.049632469003207565
0.
0.049632469003207565
0.09926493800641513
0.1488974070096227
0.19852987601283026
0.24816234501603784
0.2977948140192454
0.34742728302245296
0.3970597520256605
0.4466922210288681
0.4963246900320757
0.5459571590352832
0.5955896280384908
0.6452220970416983
0.6948545660449059
0.7444870350481134
0.794119504051321
0.8437519730545286
0.8933844420577362
0.9430169110609438
0.9926493800641514
1.0422818490673589
1.0919143180705664
1.141546787073774
1.1911792560769816
1.240811725080189
1.2904441940833966
1.3400766630866043
1.3897091320898118
1.4393416010930193
1.4889740700962268
1.5386065390994346
1.588239008102642
1.6378714771058498
1.6875039461090573
1.7371364151122646
1.7867688841154723
1.8364013531186798
1.8860338221218875
1.935666291125095
1.9852987601283028
2.03493122913151
2.0845636981347178
2.134196167137925
2.1838286361411328
2.2334611051443405
2.283093574147548
2.3327260431507555
2.382358512153963
2.4319909811571705
2.481623450160378
2.531255919163586
2.5808883881667932
2.630520857170001
2.6801533261732087
2.7297857951764164
2.7794182641796237
2.829050733182831
2.8786832021860387
2.928315671189246
2.9779481401924537
3.0275806091956614
3.077213078198869
3.1268455472020764
3.176478016205284
3.226110485208492
3.2757429542116996
3.325375423214907
3.3750078922181146
3.424640361221322
3.474272830224529
3.523905299227737
3.5735377682309446
3.6231702372341523
3.6728027062373596
3.7224351752405673
3.772067644243775
3.8217001132469823
3.87133258225019
3.920965051253398
3.9705975202566055
4.020229989259813
4.06986245826302
4.119494927266228
4.1691273962694355
4.218759865272643
4.26839233427585
4.318024803279058
4.3676572722822655
4.417289741285473
4.466922210288681
4.516554679291889
4.566187148295096
4.615819617298304
4.665452086301511
4.715084555304719
4.764717024307926
4.814349493311133
4.863981962314341
4.913614431317549
4.963246900320756
5.012879369323964
5.062511838327172
5.11214430733038
5.1617767763335864
5.211409245336794
5.261041714340002
5.31067418334321
5.360306652346417
5.409939121349625
5.459571590352833
5.5092040593560405
5.558836528359247
5.608468997362454
5.658101466365662
5.70773393536887
5.757366404372077
5.806998873375285
5.856631342378492
5.9062638113817
5.955896280384907
6.005528749388115
6.055161218391323
6.1047936873945305
6.154426156397738
6.204058625400945
6.253691094404153
6.3033235634073606
6.352956032410568
6.402588501413776
6.452220970416984
6.5018534394201914
6.551485908423399
6.601118377426606
6.650750846429814
6.7003833154330215
6.750015784436229
6.799648253439437
6.849280722442644
6.898913191445851
6.948545660449058
6.998178129452266
7.047810598455474
7.0974430674586815
7.147075536461889
7.196708005465097
7.246340474468305
7.2959729434715115
7.345605412474719
7.395237881477927
7.444870350481135
7.494502819484342
7.54413528848755
7.593767757490758
7.643400226493965
7.693032695497172
7.74266516450038
7.792297633503588
7.841930102506796
7.891562571510003
7.941195040513211
7.990827509516419
8.040459978519626
8.090092447522833
8.13972491652604
8.189357385529247
8.238989854532456
8.288622323535662
8.338254792538871
8.387887261542078
8.437519730545286
8.487152199548493
8.5367846685517
8.586417137554909
8.636049606558116
8.685682075561324
8.735314544564531
8.78494701356774
8.834579482570946
8.884211951574153
8.933844420577362
8.983476889580569
9.033109358583777
9.082741827586984
9.132374296590193
9.1820067655934
9.231639234596608
9.281271703599815
9.330904172603022
9.380536641606229
9.430169110609437
9.479801579612644
9.529434048615853
9.57906651761906
9.628698986622267
9.678331455625475
9.727963924628682
9.77759639363189
9.827228862635097
9.876861331638306
9.926493800641513
9.97612626964472