1.5907188166105959
1.5907004336219437
1.5906800085773094
1.5906616264856037
1.5906412024375398
1.590622821242715
1.5906044404727053
1.5905840178931394
1.5905656380199138
1.5905472585714577
1.5905268374602308
1.5905084589084622
1.5904880387935183
1.5904696611383715
1.5904512839079175
1.5904308652610468
1.5904124889271178
1.5903920712763497
1.5903736958388803
1.5903553208260266
1.5903349046430661
1.5903165305265752
1.5902981568346544
1.5902777421193433
1.5902593693236884
1.5902389556041925
1.5902205837047383
1.5902022122297772
1.5901817999776648
1.5901634293988076
1.5901430181423302
1.5901246484595113
1.590106279201109
1.5900858694117495
1.5900675010492886
1.590049133111199
1.5900287247887994
1.5900103577465547
1.5899899504195025
1.5899715842730373
1.589953218550866
1.5899328126905083
1.58991444786402
1.5898960834617797
1.5898756790679587
1.589857315561305
1.5898369121625437
1.589818549551411
1.5898001873644494
1.5897797854319593
1.589761424140422
1.5897430632730107
1.5897226628066337
1.58970430283455
1.5896839033629457
1.5896655442861247
1.589647185633353
1.5896267876275958
1.58960842986999
1.589590072536387
1.58956967599632
1.5895513195577866
1.5895309240122046
1.5895125684686753
1.5894942133490724
1.5894738192689153
1.58945546504422
1.5894371112434051
1.589416718628515
1.5893983657225115
1.5893800132403428
1.5893596220905615
1.5893412705031078
1.5893208803474175
1.5893025296546133
1.5892841793855672
1.5892637906947207
1.5892454413202277
1.589227092369447
1.5892067051432868
1.5891883570869625
1.5891700094543055
1.5891496236926737
1.5891312769543766
1.5891108921864416
1.5890925463424395
1.5890742009220278
1.5890538176183562
1.5890354730921428
1.5890171289894741
1.588996747149908
1.5889784039413413
1.588960061156274
1.5889396807806557
1.5889213388895944
1.5889009595072792
1.5888826185101579
1.5888642779364595
1.5888439000178274
1.5888255603379726
1.5888072210814947
1.5887868446263884
1.5887685062636585
1.5887501683242597
1.5887297933325208
1.588711456286774
1.5886910822879448
1.588672746135784
1.5886544104068776
1.5886340378711516
1.5886157030357353
1.5885973686235282
1.5885769975507482
1.5885586640319345
1.588540330936285
1.5885199613262928
1.5885016291239404
1.588483297344706
1.5884629291973442
1.5884445983113111
1.5884262678483505
1.5884059011634617
1.5883875715936058
1.5883672059010197
1.5883488772242038
1.5883305489703838
1.588310184740006
1.58829185737913
1.588273530441204
1.5882531676728773
1.588234841627799
1.5882165160056256
1.5881961546991923
1.5881778299697704
1.5881595056632074
1.5881391458185103
1.5881208224046028
1.5881024994135087
1.5880821410303907
1.5880638189318559
1.5880434615404337
1.5880251403343923
1.5880068195510888
1.5879864636209813
1.5879681437300752
1.587949824261861
1.587929469792911
1.5879111512169986
1.5878928330637323
1.587872480055782
1.5878541627947218
1.5878358459562623
1.5878154944091545
1.5877971784628042
1.5877788629390095
1.5877585128525873
1.5877401982208061
1.5877218840115346
1.5877015353856407
1.5876832220682866
1.5876649091733972
1.587644562007874
1.5876262500048057
1.5876079384241564
1.587587592718847
1.5875692820299232
1.5875509717633733
1.58753062751812
1.5875123181431992
1.5874940091906062
1.587473666405253
1.5874553583441935
1.5874370507054165
1.5874167093798053
1.5873984026324657
1.5873800963073634
1.587359756441337
1.5873414510075765
1.5873231459960073
1.5873028075894093
1.5872845034690857
1.587264166052724
1.587245862823581
1.5872275600165535
1.5872072240593564
1.5871889221434134
1.5871706206495406
1.587150286151351
1.5871319855484665
1.5871136853676067
1.5870933523282673
1.5870750530383004
1.5870567541703122
1.5870364225896665
1.5870181246124755
1.5869998270572183
1.586979496935109
1.5869612002705527
1.5869429040278848
1.586924608207091
1.5869042800120923
1.586885985081873
1.5868676905734818
1.5868473638366554
1.5868290702187426
1.586810777022613
1.5867904517438018
1.586772159438055
1.5867538675540458
1.5867335437330927
1.5867152527393706
1.5866969621673406
1.586676639804089
1.5866583501222506
1.5866400608620588
1.5866197399563517
1.5866014515862554
1.586583163637761
1.5865628441894417
1.5865445571309467
1.5865262704940075
1.58650595250292
1.5864876667558847
1.5864693814303608
1.5864490648963472
1.5864307804606312
1.5864124964463806
1.5863921813692847
1.5863738982447466
1.586355615541629
1.586335301921294
1.5863170201077927
1.5862987387156666
1.586278426551936
1.5862601460493309
1.5862418659680555
1.5862215552607721
1.5862032760689222
1.5861849972983562
1.5861667189490598
1.5861464101661278
1.5861281327061305
1.5861098556673576
1.5860895483405095
1.58607127219094
1.5860529964625494
1.5860326905916287
1.586014415752346
1.5859961413341968
1.585975836919047
1.5859575633899101
1.5859392902818619
1.5859189873223263
1.5859007151031945
1.5858824433051057
1.585862141801028
1.5858438708917604
1.5858256004034905
1.5858073303362041
1.5857870307551696
1.5857687615765776
1.585750492818924
1.585730194692984
1.5857119268239295
1.5856936593757678
1.5856733627047657
1.5856550961451077
1.5856368300062975
1.5856165347900768
1.5855982695396744
1.5855800047100743
1.585559710948479
1.5855414470071918
1.5855231834866612
1.5855049203868734
1.5854846285472213
1.5854663663356199
1.5854481045447155
1.5854278141593259
1.5854095532565127
1.5853912927743512
1.5853710038430675
1.5853527442489017
1.585334485075343
1.585314197598009
1.58529593931235
1.5852776814472527
1.5852594240027025
1.585239138446419
1.5852208818896427
1.5852026257533685
1.5851823416506716
1.5851640864020757
1.5851458315739366
1.5851255489246705
1.5851072949841145
1.58508904146397
1.5850707883642225
1.5850505076353212
1.5850322554230312
1.5850140036310922
1.5849937243552592
1.584975473450682
1.5849572229664115
1.58493694514349
1.584918695546486
1.5849004463697434
1.584882197613248
1.584861921710006
1.5848436738406508
1.5848254263914971
1.5848051519408048
1.5847869053786963
1.5847686592367443
1.5847483862384453
1.5847301409834431
1.5847118961485522
1.5846936517337584
1.584673380654454
1.5846551371264839
1.5846368940185656
1.584616624391292
1.5845983821701022
1.5845801403689193
1.5845618989877281
1.5845416312789709
1.5845233907843825
1.5845051507097416
1.5844848844526527
1.584466645264519
1.5844484064962872
1.5844281416907113
1.5844099038088915
1.5843916663469286
1.584373429304808
1.584353166417064
1.5843349302612293
1.584316694525192
1.5842964330885991
1.584278198238753
1.584259963808659
1.5842417297983027
1.5842214702790627
1.584203237154772
1.5841850044501733
1.584164746381723
1.5841465145630944
1.5841282831641135
1.5841100521847653
1.5840897960331901
1.5840715659396865
1.5840533362657707
1.5840330815646229
1.5840148527764564
1.5839966244078327
1.5839783964587375
1.583958143673987
1.583939916610515
1.5839216899665272
1.5839014386318422
1.5838832128733822
1.5838649875343604
1.5838467626147623
1.5838265131959972
1.583808289161802
1.5837900655469854
1.5837698175779247
1.5837515948484158
1.5837333725382408
1.5837151506473848
1.5836949045937658
1.583676683588092
1.5836584630016926
1.583638218397417
1.583619998696104
1.5836017794140207
1.5835835605511517
1.5835633178618405
1.583545099883933
1.5835268823251956
1.5835086651856132
1.5834884244109946
1.5834702081562482
1.5834519923206118
1.5834317529947697
1.583413538043874
1.5833953235120442
1.5833771093992646
1.583356871987638
1.5833386587594738
1.5833204459503156
1.5833002099871043
1.5832819980624664
1.5832637865567891
1.5832455754700583
1.5832253414205857
1.5832071312182499
1.5831889214348152
1.5831707120702676
1.583150479934262
1.5831322714539842
1.583114063392548
1.5830938327043913
1.5830756255271294
1.5830574187686648
1.583039212428983
1.5830189836538167
1.5830007781981836
1.5829825731612883
1.582964368543116
1.582944141680669
1.5829259379464204
1.5829077346308502
1.582889531733944
1.5828693067839446
1.5828511047708365
1.5828329031763473
1.5828126796734256
1.58279447896264
1.582776278670428
1.5827580787967757
1.5827378572058253
1.582719658215751
1.5827014596441917
1.5826832614911321
1.582663041811882
1.5826448445422756
1.5826266476911246
1.582608451258414
1.5825882334905932
1.5825700379412102
1.5825518428102234
1.5825336480976178
1.582513432240955
1.5824952384115518
1.5824770450004852
1.5824568305899245
1.5824386380619653
1.5824204459522981
1.582402254260908
1.582382041761029
1.5823638509526217
1.5823456605624466
1.5823274705904895
1.5823072600010217
1.5822890709119217
1.5822708822409948
1.5822526939882264
1.5822324853088994
1.5822142979388631
1.5821961109869407
1.5821779244531176
1.58215771768366
1.582139532032444
1.582121346799283
1.5821031619841615
1.582082957124303
1.5820647731916633
1.5820465896770188
1.5820284065803556
1.5820082036298253
1.5819900214155185
1.5819718396191478
1.5819536582406986
1.5819334571992258
1.5819152767030087
1.5818970966246682
1.58187891696419
1.5818587178315042
1.5818405390531327
1.5818223606925788
1.581804182749828
1.581783985525659
1.5817658084648898
1.5817476318218786
1.581729455596612
1.5817092602806886
1.5816910849372783
1.5816729100115674
1.5816547355035409
1.5816345420955935
1.581616368469299
1.5815981952606442
1.5815800224696148
1.5815598309693728
1.5815416590599503
1.5815234875681086
1.581505316493833
1.581485126901026
1.5814669567082325
1.5814487869329603
1.5814306175751958
1.581410429889553
1.5813922614131453
1.5813740933542002
1.5813559257127028
1.5813357399339547
1.5813175731736893
1.5812994068308275
1.5812812409053543
1.5812610570332304
1.5812428919888646
1.5812247273618427
1.581206563152151
1.581186381186381
1.5811682178576714
1.581150054946247
1.5811318924520932
1.5811117123924074
1.5810935507791113
1.5810753895830407
1.581057228804182
1.5810370506503104
1.5810188907521843
1.5810007312712249
1.5809825722074182
1.5809644135607492
1.5809442377758918
1.5809260800098008
1.5809079226608032
1.5808897657288845
1.5808695918492355
1.5808514357977697
1.5808332801633382
1.5808151249459268
1.580794952971216
1.5807767986341328
1.5807586447140247
1.5807404912108776
1.580720321140836
1.5807021685178921
1.5806840163118647
1.5806658645227392
1.5806477131505012
1.58062754544805
1.5806093949558604
1.5805912448805133
1.5805730952219947
1.5805529294236074
1.580534780645013
1.5805166322832023
1.5804984843381609
1.5804783204435677
1.5804601733783257
1.5804420267298085
1.5804238804980015
1.5804057346828906
1.5803855731548009
1.5803674282193343
1.5803492837005193
1.580331139598341
1.5803109799734407
1.5802928367507825
1.5802746939447168
1.5802565515552287
1.5802363938332487
1.5802182523231563
1.5802001112295971
1.5801819705525573
1.580163830292022
1.5801436749354585
1.580125535554164
1.5801073965893293
1.5800892580409405
1.5800691045866926
1.5800509669174196
1.580032829664548
1.5800146928280632
1.5799965564079508
1.5799764053183687
1.5799582697772179
1.5799401346523947
1.5799219999438847
1.5799018507560145
1.5798837169263418
1.5798655835129378
1.5798474505157887
1.5798293179348797
1.579809171110924
1.5797910394086974
1.5797729081226664
1.5797547772528167
1.5797346323299688
1.5797165023386772
1.5796983727635223
1.5796802436044894
1.5796621148615648
1.5796419723018817
1.5796238444373603
1.5796057169889026
1.5795875899564944
1.5795694633401207
1.579549323143186
1.5795311974050612
1.579513072082927
1.5794949471767683
1.5794748088800035
1.5794566848519698
1.5794385612398671
1.579420438043682
1.5794023152633996
1.5793821793286331
1.5793640574263204
1.5793459359398665
1.579327814869256
1.5793096942144758
1.5792895606412922
1.5792714408643274
1.5792533215031475
1.5792352025577383
1.5792150708837878
1.57919695281607
1.5791788351640785
1.5791607179277993
1.5791426011072174
1.5791224717941001
1.5791043558510554
1.5790862403236638
1.5790681252119112
1.5790500105157832
1.5790298835630845
1.5790117697443389
1.5789936563411733
1.5789755433535737
1.5789574307815253
1.5789373061888294
1.5789191944940095
1.5789010832146966
1.5788829723508764
1.5788648619025347
1.5788447396694267
1.5788266300981588
1.578808520942325
1.5787904122019107
1.5787723038769015
1.5787521840029668
1.5787340765548774
1.5787159695221489
1.5786978629047672
1.5786797567027175
1.578659639187541
1.578641533862257
1.5786234289522612
1.5786053244575384
1.5785872203780749
1.5785671052212418
1.5785490020183897
1.5785308992307525
1.5785127968583157
1.5784946949010652
1.5784745821021609
1.5784564810213677
1.578438380355716
1.5784202801051923
1.5784021802697814
1.5783820698283912
1.5783639708692838
1.578345872325245
1.578327774196261
1.5783096764823168
1.5782895683980263
1.5782714715602313
1.5782533751374321
1.5782352791296148
1.5782171835367649
1.5781970778091596
1.5781789830923043
1.5781608887903722
1.5781427949033486
1.5781247014312192
1.578104598059885
1.5780865054635969
1.5780684132821585
1.578050321515556
1.5780322301637746
1.5780121291482971
1.5779940386722033
1.5779759486108866
1.5779578589643322
1.5779397697325264
1.5779196710724914
1.5779015827162193
1.577883494774651
1.577865407247772
1.5778473201355694
1.5778292334380277
1.5778091375937395
1.5777910517715477
1.5777729663639721
1.5777548813709996
1.577736796792615
1.5777167033028612
1.5776986195996725
1.5776805363110278
1.5776624534369128
1.5776443709773136
1.5776242798416795
1.577606198257122
1.5775881170870358
1.5775700363314065
1.57755195599022
1.577533876063462
1.5775137877419938
1.5774957086900934
1.5774776300525775
1.5774595518294312
1.5774414740206408
1.5774213880523844
1.577403311118298
1.577385234598523
1.5773671584930453
1.5773490828018504
1.5773310075249238
1.5773109243697478
1.5772928499673418
1.5772747759791599
1.5772567024051882
1.5772386292454126
1.5772185484425407
1.5772004761571317
1.577182404285874
1.5771643328287541
1.577146261785757
1.5771281911568686
1.577108113165992
1.577090043411287
1.577071974070646
1.5770539051440557
1.5770358366315016
1.5770177685329694
1.5769976933534973
1.5769796261289644
1.5769615593184092
1.5769434929218171
1.5769254269391744
1.5769073613704665
1.5768872890018089
1.5768692243069167
1.5768511600259154
1.5768330961587904
1.576815032705528
1.5767949626872795
1.576776900107679
1.576758837941897
1.5767407761899186
1.5767227148517295
1.576704653927316
1.5766845867187977
1.576666526667863
1.5766484670306593
1.5766304078071725
1.5766123489973882
1.5765942906012929
1.5765742262019145
1.5765561686791147
1.5765381115699586
1.5765200548744327
1.5765019985925224
1.5764839427242139
1.5764638811333864
1.57644582613819
1.5764277715565507
1.576409717388455
1.5763916636338882
1.5763736102928358
1.5763535515099691
1.5763354990418457
1.5763174469871928
1.5762993953459963
1.576281344118242
1.5762632933039156
1.57624323732842
1.5762251873868394
1.5762071378586422
1.576189088743815
1.5761710400423428
1.5761529917542116
1.576132938585498
1.5761148911699296
1.576096844167658
1.576078797578669
1.5760607514029488
1.5760427056404827
1.5760246602912569
1.5760046103878753
1.5759865659109993
1.575968521847319
1.57595047819682
1.5759324349594892
1.5759143921353116
1.5758943450374376
1.5758763030854264
1.5758582615465242
1.5758402204207176
1.5758221797079917
1.5758041394083326
1.5757840951153772
1.5757660556877011
1.5757480166730475
1.5757299780714027
1.575711939882752
1.5756939021070813
1.5756758647443763
1.5756558237145855
1.5756377872236509
1.575619751145638
1.5756017154805328
1.5755836802283212
1.5755656453889886
1.5755456071628426
1.5755275731950973
1.5755095396401873
1.5754915064980979
1.5754734737688154
1.5754554414523256
1.575437409548614
1.5754173745841513
1.5753993435518145
1.575381312932212
1.5753632827253294
1.575345252931153
1.575327223549668
1.575309194580861
1.575289162877285
1.5752711347796398
1.575253107094628
1.5752350798222357
1.5752170529624487
1.5751990265152527
1.575178997613365
1.5751609720371482
1.5751429468734781
1.575124922122341
1.5751068977837224
1.5750888738576083
1.575070850343985
1.575050824701504
1.575032802058647
1.5750147798282361
1.5749967580102575
1.5749787366046966
1.5749607156115395
1.5749426950307723
1.5749226726469028
1.5749046529366892
1.5748866336388219
1.5748686147532853
1.5748505962800665
1.574832578219151
1.5748145605705242
1.5747945414444704
1.5747765246661853
1.574758508300145
1.5747404923463353
1.5747224768047428
1.5747044616753527
1.574686446958151
1.5746684326531235
1.5746484172420454
1.5746304038071173
1.574612390784319
1.5745943781736373
1.5745763659750571
1.5745583541885653
1.5745403428141467
1.5745203306591828
1.5745023201546513
1.57448431006215
1.5744663003816632
1.5744482911131785
1.5744302822566807
1.5744122738121562
1.5743922649125124
1.5743742573376627
1.574356250174742
1.5743382434237363
1.5743202370846314
1.5743022311574135
1.5742842256420684
1.5742662205385816
1.5742462153510672
1.574228211117013
1.5742102072947732
1.574192203884334
1.574174200885681
1.5741561982988002
1.5741381961236776
1.5741201943602985
1.5741001928838807
1.5740821919896926
1.5740641915072044
1.574046191436402
1.5740281917772712
1.574010192529798
1.5739921936939683
1.5739721954702655
1.5739541975034144
1.5739361999481631
1.573918202804497
1.573900206072402
1.5738822097518648
1.57386421384287
1.5738462183454045
1.5738262238308607
1.5738082292021323
1.5737902349848887
1.5737722411791157
1.5737542477848
1.5737362548019267
1.5737182622304822
1.5737002700704519
1.5736802792640356
1.5736622879725006
1.573644297092336
1.5736263066235285
1.5736083165660628
1.5735903269199258
1.5735723376851027
1.5735543488615793
1.5735363604493422
1.5735163738069895
1.5734983862629761
1.5734803991302049
1.5734624124086616
1.573444426098332
1.5734264401992024
1.5734084547112588
1.5733904696344858
1.5733704866980711
1.5733525024892807
1.5733345186916183
1.5733165353050695
1.5732985523296201
1.573280569765256
1.5732625876119632
1.5732446058697283
1.5732266245385356
1.5732066457637255
1.5731886653002447
1.5731706852477627
1.5731527056062662
1.5731347263757403
1.5731167475561718
1.573098769147546
1.5730807911498492
1.5730628135630669
1.573042838948562
1.5730248622292202
1.573006885920749
1.572988910023135
1.5729709345363632
1.5729529594604201
1.5729349847952918
1.5729170105409638
1.5728990366974225
1.5728790662419232
1.5728610932655513
1.5728431206999218
1.5728251485450204
1.5728071768008338
1.5727892054673476
1.5727712345445473
1.5727532640324193
1.5727352939309496
1.5727153276331574
1.5726973583985864
1.5726793895746292
1.5726614211612724
1.572643453158502
1.5726254855663035
1.5726075183846628
1.5725895516135666
1.5725715852529998
1.5725516231116163
1.572533657617678
1.5725156925342254
1.5724977278612446
1.5724797635987218
1.572461799746643
1.5724438363049942
1.572425873273761
1.5724079106529294
1.572389948442486
1.572369990912183
1.572352029568067
1.5723340686342948
1.572316108110852
1.5722981479977254
1.5722801882949005
1.5722622290023631
1.5722442701200992
1.572226311648095
1.5722083535863363
1.572188400665517
1.5721704434697856
1.5721524866842558
1.572134530308914
1.5721165743437457
1.572098618788737
1.5720806636438738
1.572062708909142
1.5720447545845277
1.5720268006700167
1.5720068523570838
1.5719888993083004
1.5719709466695766
1.5719529944408985
1.5719350426222516
1.5719170912136227
1.5718991402149969
1.5718811896263605
1.5718632394476997
1.571845289679
1.5718273403202476
1.5718073970690858
1.5717894485757313
1.5717715004922808
1.5717535528187196
1.5717356055550338
1.5717176587012094
1.571699712257233
1.5716817662230895
1.5716638205987652
1.5716458753842464
1.5716279305795187
1.5716079923882016
1.571590048448543
1.5715721049186315
1.571554161798454
1.5715362190879962
1.5715182767872433
1.5715003348961822
1.5714823934147983
1.571464452343078
1.5714465116810068
1.5714285714285712
1.571410631585757
1.5713906989074773
1.571372759929373
1.5713548213608464
1.5713368832018832
1.5713189454524699
1.571301008112592
1.5712830711822354
1.5712651346613866
1.5712471985500314
1.5712292628481557
1.5712113275557456
1.5711933926727868
1.5711734655052583
1.571155531486651
1.571137597877451
1.571119664677645
1.5711017318872194
1.5710837995061588
1.5710658675344504
1.57104793597208
1.5710300048190327
1.571012074075295
1.5709941437408534
1.5709762138156935
1.5709562921566314
1.5709383630954643
1.5709204344435357
1.5709025062008306
1.570884578367336
1.5708666509430373
1.5708487239279205
1.570830797321972
1.5708128711251772
1.5707949453375225
1.5707770199589939
1.5707590949895773
1.5707411704292589
1.570721254730916
1.570703331034203
1.570685407746544
1.5706674848679256
1.5706495623983334
1.5706316403377538
1.5706137186861726
1.5705957974435758
1.5705778766099492
1.5705599561852794
1.570542036169552
1.5705241165627528
1.570506197364868
1.5704882785758836
1.570468369289903
1.5704504513641069
1.5704325338471679
1.5704146167390716
1.5703967000398045
1.570378783749352
1.5703608678677003
1.5703429523948356
1.5703250373307438
1.5703071226754113
1.5702892084288234
1.5702712945909665
1.5702533811618269
1.57023546814139
1.570215565264675
1.5701976531070096
1.5701797413580034
1.5701618300176432
1.570143919085914
1.5701260085628026
1.5701080984482947
1.5700901887423766
1.5700722794450337
1.5700543705562526
1.570036462076019
1.5700185540043192
1.5700006463411387
1.569982739086464
1.569964832240281
1.5699469258025762
1.569927030239743
1.569909124664334
1.569891219497359
1.5698733147388042
1.5698554103886557
1.5698375064468997
1.5698196029135218
1.5698016997885085
1.5697837970718453
1.569765894763519
1.5697479928635147
1.5697300913718188
1.5697121902884177
1.5696942896132973
1.5696763893464432
1.5696584894878418
1.5696405900374788
1.5696207022380797
1.5696028036495084
1.5695849054691322
1.5695670076969372
1.5695491103329091
1.5695312133770347
1.5695133168292996
1.5694954206896898
1.5694775249581916
1.5694596296347911
1.5694417347194738
1.569423840212226
1.5694059461130339
1.5693880524218833
1.5693701591387605
1.5693522662636514
1.569334373796542
1.5693164817374186
1.5692966021502106
1.5692787109523447
1.5692608201624212
1.569242929780426
1.5692250398063452
1.5692071502401652
1.5691892610818718
1.5691713723314509
1.569153483988889
1.5691355960541715
1.569117708527285
1.569099821408215
1.5690819346969485
1.5690640483934706
1.5690461624977676
1.5690282770098256
1.5690103919296312
1.5689925072571698
1.5689746229924273
1.5689567391353905
1.5689388556860449
1.5689189856649117
1.5689011030762021
1.5688832208951407
1.5688653391217129
1.5688474577559055
1.5688295767977043
1.5688116962470953
1.5687938161040644
1.568775936368598
1.568758057040682
1.5687401781203025
1.5687222996074457
1.5687044215020975
1.568686543804244
1.5686686665138714
1.5686507896309652
1.5686329131555121
1.568615037087498
1.568597161426909
1.568579286173731
1.5685614113279505
1.5685435368895528
1.5685256628585247
1.5685077892348518
1.568487930130739
1.568470057366993
1.568452185010559
1.5684343130614233
1.5684164415195718
1.5683985703849905
1.568380699657666
1.5683628293375838
1.56834495942473
1.5683270899190909
1.5683092208206524
1.5682913521294009
1.568273483845322
1.5682556159684027
1.5682377484986276
1.568219881435984
1.5682020147804578
1.5681841485320347
1.568166282690701
1.5681484172564428
1.568130552229246
1.5681126876090972
1.568094823395982
1.5680769595898862
1.5680590961907968
1.5680412331986993
1.5680233706135798
1.5680055084354243
1.5679876466642195
1.56796780072904
1.5679499398169066
1.5679320793116804
1.567914219213347
1.5678963595218929
1.5678785002373041
1.5678606413595666
1.567842782888667
1.5678249248245906
1.5678070671673243
1.5677892099168533
1.5677713530731645
1.5677534966362434
1.5677356406060767
1.56771778498265
1.5676999297659495
1.5676820749559617
1.5676642205526725
1.5676463665560676
1.5676285129661336
1.567610659782856
1.567592807006222
1.5675749546362165
1.5675571026728263
1.5675392511160373
1.5675213999658362
1.5675035492222078
1.5674856988851393
1.5674678489546165
1.5674499994306255
1.5674321503131523
1.567414301602183
1.5673964532977043
1.5673786053997019
1.5673607579081612
1.5673429108230694
1.5673250641444123
1.5673072178721754
1.5672893720063457
1.567271526546909
1.5672536814938514
1.5672358368471588
1.567217992606818
1.5671981661496732
1.5671803227671393
1.5671624797909134
1.5671446372209816
1.5671267950573302
1.5671089532999456
1.5670911119488133
1.5670732710039201
1.5670554304652518
1.567037590332794
1.5670197506065335
1.5670019112864564
1.5669840723725486
1.5669662338647963
1.5669483957631853
1.5669305580677029
1.5669127207783338
1.5668948838950647
1.566877047417882
1.5668592113467714
1.5668413756817192
1.5668235404227115
1.5668057055697346
1.5667878711227747
1.5667700370818176
1.5667522034468497
1.5667343702178569
1.5667165373948257
1.5666987049777419
1.5666808729665915
1.566663041361361
1.5666452101620367
1.566627379368604
1.56660954898105
1.5665917189993601
1.5665738894235206
1.5665560602535178
1.5665382314893377
1.5665204031309672
1.5665025751783912
1.5664847476315962
1.5664669204905688
1.5664490937552948
1.5664312674257608
1.566413441501952
1.5663956159838555
1.5663777908714576
1.5663599661647432
1.5663421418636996
1.5663243179683124
1.5663064944785678
1.5662886713944522
1.5662708487159516
1.566253026443052
1.5662352045757402
1.5662173831140016
1.5661995620578226
1.5661817414071892
1.5661639211620881
1.5661461013225049
1.5661282818884257
1.5661104628598372
1.5660926442367253
1.5660748260190762
1.566057008206876
1.5660391908001106
1.5660213737987667
1.56600355720283
1.5659857410122868
1.5659679252271235